      0/99      3.7G   0.04974  0.008118         0   0.05786        15       640     0.845    0.6669    0.7761    0.4847   0.05672  0.008449         0
      1/99     5.67G    0.0372  0.005951         0   0.04315        14       640      0.83    0.6201    0.7327    0.4685   0.04928  0.008634         0
      2/99      5.7G   0.03696  0.005625         0   0.04258         7       640    0.7572    0.6123    0.6796    0.4032   0.06058  0.007613         0
      3/99      5.7G   0.03762  0.005694         0   0.04331        10       640    0.8635    0.6336    0.7546    0.4616   0.06326  0.007025         0
      4/99      5.7G   0.03361  0.005404         0   0.03901        10       640    0.8561    0.7265    0.8157    0.5461   0.05633  0.007061         0
      5/99      5.7G   0.03192  0.005222         0   0.03715         8       640    0.8885    0.7604     0.854    0.5934   0.05182  0.006969         0
      6/99      5.7G     0.031  0.004979         0   0.03598        10       640    0.8956    0.7531    0.8611    0.6046   0.05011  0.006872         0
      7/99      5.7G   0.02969  0.004803         0    0.0345         9       640    0.8822    0.7917    0.8724    0.5978   0.04784  0.007011         0
      8/99      5.7G   0.02963  0.004787         0   0.03442        17       640    0.8849    0.7936    0.8725    0.6083   0.04897  0.007021         0
      9/99      5.7G   0.02925  0.004666         0   0.03391        12       640    0.9183    0.7977    0.8883    0.6246   0.04189  0.007644         0
     10/99      5.7G   0.02856  0.004551         0   0.03311         6       640    0.9009    0.8215    0.8982    0.6375   0.04229  0.007288         0
     11/99      5.7G   0.02846  0.004553         0   0.03302        11       640    0.9219    0.8186    0.9024    0.6507   0.04225  0.007127         0
     12/99      5.7G   0.02775  0.004474         0   0.03222         7       640    0.9098      0.83    0.8964    0.6498   0.04314    0.0069         0
     13/99      5.7G   0.02749  0.004466         0   0.03196        11       640    0.9222     0.819     0.904    0.6575   0.04156  0.006846         0
     14/99      5.7G   0.02686  0.004416         0   0.03128        12       640    0.9284    0.8259    0.9056    0.6582    0.0399   0.00705         0
     15/99      5.7G   0.02698   0.00432         0    0.0313         5       640    0.8945    0.8322    0.9008    0.6415   0.04156  0.006838         0
     16/99      5.7G    0.0265   0.00426         0   0.03076         9       640       0.9    0.8553    0.9155    0.6684   0.03767  0.007057         0
     17/99      5.7G   0.02605  0.004189         0   0.03024        12       640    0.9409    0.8343    0.9149    0.6758   0.03961  0.006891         0
     18/99      5.7G   0.02598  0.004081         0   0.03006         5       640     0.936    0.8397    0.9156    0.6737   0.03807  0.007043         0
     19/99      5.7G   0.02613  0.004188         0   0.03032        14       640    0.9175    0.8613     0.922    0.6893    0.0375  0.006962         0
     20/99      5.7G   0.02568  0.004096         0   0.02977        10       640     0.924    0.8705    0.9264    0.6879   0.03769   0.00692         0
     21/99      5.7G   0.02555  0.004036         0   0.02959         7       640     0.946    0.8413    0.9198    0.6921   0.03829  0.006865         0
     22/99      5.7G   0.02545  0.004035         0   0.02948        12       640    0.9391    0.8569    0.9224    0.6793   0.03781  0.006949         0
     23/99      5.7G   0.02499  0.004019         0   0.02901        14       640    0.9378    0.8657    0.9252    0.6966   0.03745  0.006876         0
     24/99      5.7G   0.02564  0.003964         0   0.02961        14       640    0.9227    0.8729      0.93    0.7003   0.03658  0.007032         0
     25/99      5.7G   0.02476  0.003933         0    0.0287         6       640    0.9431    0.8654    0.9309    0.7048   0.03605  0.007083         0
     26/99      5.7G   0.02484  0.003909         0   0.02875         9       640    0.9246    0.8773    0.9325    0.6997   0.03597  0.007059         0
     27/99      5.7G   0.02469  0.003857         0   0.02855        14       640    0.9383    0.8792    0.9343    0.7107   0.03593  0.007203         0
     28/99      5.7G    0.0246  0.003919         0   0.02852         4       640    0.9542    0.8579    0.9323     0.707   0.03627  0.006988         0
     29/99      5.7G   0.02411  0.003822         0   0.02793         6       640    0.9433    0.8766    0.9382    0.7146   0.03612  0.006905         0
     30/99      5.7G   0.02437  0.003874         0   0.02824        10       640    0.9466    0.8692    0.9359     0.712   0.03638  0.006909         0
     31/99      5.7G   0.02428  0.003814         0   0.02809        10       640    0.9512    0.8642    0.9361    0.7189   0.03621  0.006908         0
     32/99      5.7G   0.02401   0.00375         0   0.02776        14       640    0.9452     0.882    0.9394    0.7163   0.03546  0.007139         0
     33/99      5.7G   0.02389  0.003752         0   0.02765        12       640    0.9416    0.8871     0.942    0.7214   0.03579  0.006942         0
     34/99     3.53G    0.0236  0.003735         0   0.02733        15       640    0.9459    0.8833    0.9443    0.7224    0.0355  0.006952         0
     35/99     5.48G   0.02352  0.003695         0   0.02721        14       640     0.955    0.8792    0.9423    0.7209   0.03475  0.007098         0
     36/99     5.72G   0.02318  0.003635         0   0.02682         7       640    0.9424    0.8927    0.9418    0.7246   0.03457  0.007189         0
     37/99     5.72G   0.02331  0.003625         0   0.02693        10       640    0.9594    0.8846    0.9443    0.7248   0.03465  0.007233         0
     38/99     5.72G   0.02292  0.003613         0   0.02653        10       640    0.9548    0.8883    0.9455    0.7192   0.03502  0.007239         0
     39/99     5.72G   0.02303  0.003588         0   0.02662         8       640    0.9424    0.8934    0.9457    0.7285   0.03415  0.007259         0
     40/99     5.72G   0.02278  0.003581         0   0.02636        10       640    0.9613    0.8814    0.9505    0.7294    0.0343  0.007156         0
     41/99     5.72G    0.0223  0.003477         0   0.02578         9       640    0.9551    0.8866    0.9492    0.7329   0.03505  0.007129         0
     42/99     5.72G    0.0228  0.003526         0   0.02632        17       640    0.9572    0.8911     0.953    0.7357   0.03442  0.007226         0
     43/99     5.72G   0.02257  0.003492         0   0.02606        12       640    0.9514    0.8902     0.948    0.7351   0.03484  0.007139         0
     44/99     5.72G   0.02201  0.003441         0   0.02545         6       640    0.9456    0.8996    0.9478    0.7344   0.03451   0.00725         0
     45/99     5.72G   0.02206  0.003413         0   0.02547        11       640      0.95    0.8949     0.951    0.7373   0.03419   0.00738         0
     46/99     5.72G   0.02184  0.003409         0   0.02525         7       640     0.944      0.91    0.9504    0.7419   0.03422  0.007356         0
     47/99     5.72G   0.02193  0.003395         0   0.02532        11       640    0.9509    0.8996      0.95    0.7416   0.03387  0.007398         0
     48/99     5.72G   0.02168  0.003403         0   0.02508        12       640    0.9567    0.8952    0.9513    0.7412     0.034  0.007422         0
     49/99     5.72G   0.02165  0.003322         0   0.02497         5       640    0.9514    0.9031    0.9518    0.7415   0.03398  0.007444         0
     50/99     5.72G    0.0211  0.003278         0   0.02438         9       640    0.9482    0.9081    0.9527    0.7413   0.03413  0.007442         0
     51/99     5.72G   0.02103  0.003288         0   0.02432        12       640    0.9452    0.9103     0.951    0.7432   0.03387  0.007578         0
     52/99     5.72G   0.02086    0.0032         0   0.02406         5       640    0.9469    0.9056    0.9521    0.7425   0.03349  0.007664         0
     53/99     5.72G   0.02094  0.003264         0   0.02421        14       640    0.9488    0.9046    0.9532    0.7441   0.03347  0.007764         0
     54/99     5.72G   0.02069   0.00324         0   0.02393        10       640    0.9491    0.9015    0.9524    0.7455   0.03326  0.007822         0
     55/99     5.72G   0.02071  0.003215         0   0.02393         7       640    0.9511    0.9046    0.9537    0.7447   0.03324  0.007912         0
     56/99     5.72G   0.02047  0.003209         0   0.02368        12       640    0.9502    0.9012    0.9513    0.7449   0.03321  0.007966         0
     57/99     5.72G   0.01994  0.003144         0   0.02309        14       640     0.948    0.9043    0.9513    0.7462   0.03307   0.00806         0
     58/99     5.72G   0.02052  0.003132         0   0.02365        14       640    0.9559    0.8993    0.9519    0.7476   0.03297  0.008093         0
     59/99     5.72G   0.02008  0.003088         0   0.02317         6       640    0.9524    0.9096     0.955    0.7506    0.0327   0.00811         0
     60/99     5.73G   0.01995   0.00308         0   0.02303         9       640    0.9605    0.9034     0.955    0.7499   0.03273  0.008111         0
     61/99     5.73G   0.01975  0.003035         0   0.02278        14       640    0.9587    0.9031    0.9532    0.7498   0.03271  0.008166         0
     62/99     5.73G   0.01968  0.003103         0   0.02278         4       640    0.9532    0.9073    0.9534    0.7498   0.03259  0.008182         0
     63/99     5.73G   0.01933  0.003013         0   0.02234         6       640    0.9574    0.9053    0.9534     0.752   0.03256  0.008168         0
     64/99     5.73G   0.01937  0.003023         0   0.02239        10       640    0.9457    0.9194    0.9547    0.7507   0.03249  0.008207         0
     65/99     5.73G   0.01944  0.002981         0   0.02243        10       640    0.9499    0.9156    0.9551    0.7508    0.0325  0.008223         0
     66/99     5.73G   0.01918  0.002982         0   0.02216        14       640    0.9453    0.9169    0.9542    0.7511   0.03244  0.008241         0
     67/99     5.73G   0.01914  0.002968         0   0.02211        12       640    0.9406    0.9203    0.9545     0.751   0.03244  0.008287         0
     68/99     5.73G   0.01909  0.002958         0   0.02205         8       640    0.9388    0.9213    0.9538    0.7511   0.03228  0.008337         0
     69/99     5.73G   0.01935  0.002901         0   0.02225         8       640     0.947    0.9156    0.9539    0.7532   0.03215  0.008378         0
     70/99     5.73G   0.01906  0.002942         0     0.022         9       640    0.9456    0.9162    0.9544    0.7525   0.03198  0.008388         0
     71/99     5.73G   0.01906  0.002925         0   0.02199        18       640    0.9496    0.9151    0.9548    0.7532   0.03193  0.008409         0
     72/99     5.73G   0.01878   0.00287         0   0.02165         9       640    0.9535    0.9125    0.9546    0.7528   0.03188  0.008432         0
     73/99     5.73G   0.01889  0.002856         0   0.02175         9       640    0.9559    0.9114    0.9548    0.7538   0.03183  0.008456         0
     74/99     5.73G   0.01856  0.002871         0   0.02143        12       640    0.9544    0.9124    0.9548    0.7548   0.03177  0.008468         0
     75/99     5.73G   0.01855  0.002832         0   0.02138        17       640    0.9514    0.9159    0.9544    0.7549    0.0318  0.008474         0
     76/99     5.73G   0.01819  0.002814         0     0.021         8       640    0.9518    0.9158    0.9545     0.756   0.03179  0.008489         0
     77/99     5.73G   0.01833  0.002821         0   0.02115         8       640    0.9552    0.9115     0.955    0.7561   0.03179  0.008506         0
     78/99     5.73G   0.01823  0.002777         0     0.021         7       640    0.9547     0.913    0.9554    0.7558   0.03179  0.008523         0
     79/99     5.73G     0.018  0.002778         0   0.02078         7       640      0.95    0.9178    0.9564    0.7561   0.03178   0.00854         0
     80/99     5.73G   0.01779  0.002748         0   0.02054         9       640    0.9538    0.9147    0.9568    0.7564   0.03177  0.008559         0
     81/99     5.73G    0.0177  0.002707         0    0.0204        10       640    0.9533    0.9156    0.9569    0.7557   0.03178  0.008574         0
     82/99     5.73G   0.01754  0.002702         0   0.02024        15       640    0.9473    0.9213    0.9565    0.7559   0.03179  0.008594         0
     83/99     5.73G   0.01746  0.002706         0   0.02017        10       640    0.9624     0.908    0.9562    0.7564   0.03179  0.008611         0
     84/99     5.73G    0.0175  0.002717         0   0.02022        11       640    0.9605    0.9093    0.9561    0.7562    0.0318  0.008632         0
     85/99     5.73G   0.01713  0.002682         0   0.01981         9       640    0.9566    0.9128    0.9559    0.7561    0.0318  0.008647         0
     86/99     5.73G   0.01731  0.002636         0   0.01995         9       640    0.9563    0.9134    0.9562    0.7563    0.0318  0.008659         0
     87/99     5.73G   0.01714  0.002692         0   0.01983        12       640    0.9637    0.9068     0.957    0.7563   0.03181  0.008668         0
     88/99     5.73G   0.01716  0.002621         0   0.01978         5       640    0.9646    0.9062    0.9571    0.7564   0.03181  0.008679         0
     89/99     5.73G   0.01717  0.002594         0   0.01977        10       640    0.9603    0.9103     0.957    0.7571    0.0318  0.008693         0
     90/99     5.73G    0.0169  0.002619         0   0.01952         9       640    0.9593    0.9112    0.9572    0.7578   0.03178   0.00871         0
     91/99     5.73G   0.01683  0.002605         0   0.01943         6       640     0.959    0.9106    0.9569    0.7581   0.03178  0.008721         0
     92/99     5.73G   0.01679  0.002575         0   0.01937         6       640    0.9569    0.9125    0.9569    0.7581   0.03176  0.008732         0
     93/99     5.73G   0.01661  0.002571         0   0.01918         9       640    0.9581    0.9112    0.9569    0.7578   0.03173  0.008744         0
     94/99     5.73G   0.01666  0.002565         0   0.01923        16       640    0.9581    0.9109    0.9571    0.7576   0.03171  0.008755         0
     95/99     5.73G   0.01667   0.00261         0   0.01928        15       640    0.9611    0.9087    0.9573    0.7581   0.03169  0.008767         0
     96/99     5.73G   0.01658  0.002605         0   0.01918        11       640    0.9616    0.9084    0.9569    0.7582   0.03167   0.00878         0
     97/99     5.73G   0.01647  0.002531         0     0.019         6       640    0.9569    0.9128    0.9568    0.7581   0.03166  0.008792         0
     98/99     5.73G   0.01673   0.00259         0   0.01932         8       640    0.9618    0.9078    0.9572    0.7587   0.03166  0.008804         0
     99/99     5.73G   0.01621  0.002536         0   0.01875        10       640     0.955    0.9141    0.9574    0.7582   0.03165  0.008814         0
